0.503192386838066 -0.4572792054288298 0.7332758368239165
0.24821941572032652 -0.12299369100510325 0.9608640870347784
-0.034893299889594845 -0.16157392183281605 0.9862438428661224
-0.08918510310905514 -0.43313603114608545 0.8969055515042343
-0.31565560600044307 -0.4952061210582576 0.8094026370542038
-0.10622008404726621 -0.5517684744405867 0.827205883613938
0.2871995047184329 -0.41247675668911793 0.8645112036891751
0.10540868118770638 -0.41952857663016163 0.9016015658185499
0.21211916246754656 -0.32341601644177775 0.9221755119492812
0.09125497092779225 -0.3205886982971326 0.9428128917167427
0.13491451745303787 -0.031617895807977685 0.9903526682643253
-0.13614596906468443 -0.35025815278447703 0.926705842750146
